0.154163 0.740050 1.000000
0.263315 0.533739 1.000000
0.014575 0.918747 1.000000
0.900715 0.033421 -1.000000
0.956949 0.137209 -1.000000
0.283828 0.606083 1.000000
0.944225 0.852736 1.000000
0.002259 0.521226 1.000000
0.552038 0.485377 1.000000
0.768134 0.160717 -1.000000
0.764560 0.020810 -1.000000
0.135210 0.116273 -1.000000
0.309898 0.671453 1.000000
0.471230 0.816168 1.000000
0.289587 0.733126 1.000000
0.702622 0.327569 -1.000000
0.334648 0.978058 1.000000
0.624582 0.950314 1.000000
0.767476 0.825009 1.000000
0.406640 0.451308 1.000000
0.400632 0.995138 1.000000
0.177564 0.962597 1.000000
0.419250 0.424052 1.000000
0.463149 0.373723 -1.000000
0.465508 0.035168 -1.000000
0.084273 0.732521 1.000000
0.636200 0.027908 -1.000000
0.300170 0.220853 -1.000000
0.055020 0.523246 1.000000
0.416370 0.048219 -1.000000
0.572405 0.803517 1.000000
0.113602 0.277117 1.000000
0.641678 0.492737 -1.000000
0.506556 0.461440 1.000000
0.894743 0.605778 -1.000000
0.603356 0.443872 -1.000000
0.480047 0.888448 1.000000
0.208500 0.944581 1.000000
0.073470 0.595152 1.000000
0.031151 0.665257 1.000000
0.637385 0.862465 1.000000
0.941638 0.445627 -1.000000
0.669958 0.924331 1.000000
0.619423 0.322586 -1.000000
0.319476 0.291457 -1.000000
0.957417 0.405958 -1.000000
0.946556 0.857191 1.000000
0.688928 0.003288 -1.000000
0.900103 0.919865 1.000000
0.005909 0.642926 1.000000
0.385217 0.595742 1.000000
0.610807 0.599619 1.000000
0.312284 0.069874 -1.000000
0.800734 0.911434 1.000000
0.194675 0.210608 -1.000000
0.377441 0.402847 1.000000
0.885178 0.202154 -1.000000
0.419015 0.647959 1.000000
0.511643 0.333832 -1.000000
0.778473 0.135435 -1.000000
0.191711 0.402589 1.000000
0.786844 0.253808 -1.000000
0.109485 0.930676 1.000000
0.126387 0.605005 1.000000
0.290122 0.626529 1.000000
0.659476 0.067726 -1.000000
0.355443 0.334724 -1.000000
0.177506 0.008003 -1.000000
0.010438 0.597459 1.000000
0.084639 0.315668 1.000000
0.968618 0.873583 1.000000
0.912784 0.169898 -1.000000
0.316808 0.241780 -1.000000
0.490955 0.543943 1.000000
0.405454 0.742410 1.000000
0.643733 0.659343 1.000000
0.149224 0.746584 1.000000
0.641448 0.298231 -1.000000
0.375828 0.988628 1.000000
0.344595 0.343445 -1.000000
0.613653 0.618393 1.000000
0.013353 0.574433 1.000000
0.777679 0.949882 1.000000
0.702982 0.116206 -1.000000
0.246601 0.418939 1.000000
0.632032 0.095470 -1.000000
0.390309 0.321968 -1.000000
0.971325 0.969182 1.000000
0.743418 0.517689 -1.000000
0.164480 0.949382 1.000000
0.921826 0.882571 1.000000
0.051039 0.774940 1.000000
0.105895 0.905396 1.000000
0.587886 0.988090 1.000000
0.428661 0.629850 1.000000
0.776281 0.259817 -1.000000
0.638913 0.826800 1.000000
0.521305 0.424485 -1.000000
0.531003 0.945978 1.000000
0.999274 0.670924 -1.000000
